G:\A_Share\datas\2_3_4_5m\2_3_4m\1m\1122_night__1m\220112207\220112207_001500.jpg person,576,37,948,1075 face,726,70,816,168 hand,875,513,933,599 hand,584,490,639,570
G:\A_Share\datas\2_3_4_5m\2_3_4m\1m\1122_night__1m\220112207\220112207_001515.jpg person,745,73,1127,1076 face,858,111,949,208 hand,1054,556,1115,640 hand,749,548,811,632
G:\A_Share\datas\2_3_4_5m\2_3_4m\1m\1122_night__1m\220112207\220112207_001530.jpg person,867,230,1280,1079 face,982,268,1075,377 hand,1197,761,1267,858 hand,871,758,929,853
G:\A_Share\datas\2_3_4_5m\2_3_4m\1m\1122_night__1m\220112207\220112207_001545.jpg person,855,242,1311,1079 face,976,283,1077,399 hand,860,811,927,916 hand,1225,806,1300,918
G:\A_Share\datas\2_3_4_5m\2_3_4m\1m\1122_night__1m\220112207\220112207_001560.jpg person,832,135,1314,1076 face,941,183,1052,308 hand,846,587,958,733 hand,1245,717,1313,806
G:\A_Share\datas\2_3_4_5m\2_3_4m\1m\1122_night__1m\220112207\220112207_001575.jpg person,741,7,1178,1077 face,854,61,973,196 hand,742,425,862,587 hand,1102,658,1159,758
G:\A_Share\datas\2_3_4_5m\2_3_4m\1m\1122_night__1m\220112207\220112207_001590.jpg person,907,32,1336,1077 hand,904,471,1013,623 face,1019,86,1136,214 hand,1263,653,1332,736
G:\A_Share\datas\2_3_4_5m\2_3_4m\1m\1122_night__1m\220112207\220112207_001605.jpg person,903,0,1262,1075 face,985,20,1093,139 hand,906,390,999,520 hand,1199,539,1253,614
G:\A_Share\datas\2_3_4_5m\2_3_4m\1m\1122_night__1m\220112207\220112207_001620.jpg person,885,31,1264,1074 face,970,81,1076,194 hand,888,445,981,576 hand,1195,587,1256,667
G:\A_Share\datas\2_3_4_5m\2_3_4m\1m\1122_night__1m\220112207\220112207_001635.jpg person,922,88,1403,1077 face,1033,136,1148,259 hand,927,532,1043,690 hand,1323,708,1408,813
G:\A_Share\datas\2_3_4_5m\2_3_4m\1m\1122_night__1m\220112207\220112207_001650.jpg person,888,0,1382,1078 face,1017,0,1158,103 hand,890,378,997,525 hand,1309,554,1375,642
G:\A_Share\datas\2_3_4_5m\2_3_4m\1m\1122_night__1m\220112207\220112207_001665.jpg person,916,0,1475,1074 hand,917,489,1008,627 face,1073,0,1198,115 hand,1398,514,1475,619
G:\A_Share\datas\2_3_4_5m\2_3_4m\1m\1122_night__1m\220112207\220112207_001680.jpg person,916,1,1330,1077 face,1029,5,1176,173 hand,949,425,1119,605
G:\A_Share\datas\2_3_4_5m\2_3_4m\1m\1122_night__1m\220112207\220112207_001695.jpg face,1238,99,1423,305 person,999,17,1514,1075 hand,1108,658,1340,961
G:\A_Share\datas\2_3_4_5m\2_3_4m\1m\1122_night__1m\220112207\220112207_001710.jpg person,743,288,1339,1077 face,1106,396,1298,634
G:\A_Share\datas\2_3_4_5m\2_3_4m\1m\1122_night__1m\220112207\220112207_001725.jpg person,805,65,1414,1079 face,1142,151,1372,381
G:\A_Share\datas\2_3_4_5m\2_3_4m\1m\1122_night__1m\220112207\220112207_001740.jpg person,720,2,1241,1072 hand,745,298,861,489
G:\A_Share\datas\2_3_4_5m\2_3_4m\1m\1122_night__1m\220112207\220112207_001755.jpg person,720,1,1314,1070 hand,1225,332,1309,459 hand,717,266,781,375
G:\A_Share\datas\2_3_4_5m\2_3_4m\1m\1122_night__1m\220112207\220112207_001770.jpg person,719,1,1223,1070
G:\A_Share\datas\2_3_4_5m\2_3_4m\1m\1122_night__1m\220112207\220112207_001785.jpg person,725,2,1190,1070
G:\A_Share\datas\2_3_4_5m\2_3_4m\1m\1122_night__1m\220112207\220112207_001800.jpg person,730,2,1255,1061
G:\A_Share\datas\2_3_4_5m\2_3_4m\1m\1122_night__1m\220112207\220112207_001815.jpg person,696,2,1229,1067
G:\A_Share\datas\2_3_4_5m\2_3_4m\1m\1122_night__1m\220112207\220112207_001830.jpg person,686,0,1226,1073 hand,1114,177,1224,299 hand,691,308,751,408
G:\A_Share\datas\2_3_4_5m\2_3_4m\1m\1122_night__1m\220112207\220112207_001845.jpg person,692,0,1228,1072 hand,1131,278,1227,392 hand,722,340,791,451
G:\A_Share\datas\2_3_4_5m\2_3_4m\1m\1122_night__1m\220112207\220112207_001860.jpg person,738,0,1224,1049 hand,1106,219,1216,354
G:\A_Share\datas\2_3_4_5m\2_3_4m\1m\1122_night__1m\220112207\220112207_001875.jpg person,684,0,1228,1061 hand,1125,306,1224,440 hand,688,320,751,429
G:\A_Share\datas\2_3_4_5m\2_3_4m\1m\1122_night__1m\220112207\220112207_001890.jpg person,462,1,1238,1068 hand,1136,334,1233,464
G:\A_Share\datas\2_3_4_5m\2_3_4m\1m\1122_night__1m\220112207\220112207_001905.jpg person,0,3,1237,1066 face,562,49,741,237
G:\A_Share\datas\2_3_4_5m\2_3_4m\1m\1122_night__1m\220112207\220112207_001920.jpg person,260,1,1250,1055 face,597,0,777,127 hand,258,621,464,790 hand,1144,451,1239,583
G:\A_Share\datas\2_3_4_5m\2_3_4m\1m\1122_night__1m\220112207\220112207_001935.jpg person,672,0,1211,1057 hand,1107,368,1198,497 hand,725,437,799,585
G:\A_Share\datas\2_3_4_5m\2_3_4m\1m\1122_night__1m\220112207\220112207_001950.jpg person,624,0,1173,1071 hand,1079,306,1170,427 hand,639,316,715,448
G:\A_Share\datas\2_3_4_5m\2_3_4m\1m\1122_night__1m\220112207\220112207_001965.jpg person,688,0,1192,1069 hand,1092,339,1185,459 hand,701,306,768,432
G:\A_Share\datas\2_3_4_5m\2_3_4m\1m\1122_night__1m\220112207\220112207_001980.jpg person,675,0,1185,1072 hand,1079,267,1174,389 hand,686,254,777,390
G:\A_Share\datas\2_3_4_5m\2_3_4m\1m\1122_night__1m\220112207\220112207_001995.jpg person,671,0,1198,1070 hand,1093,315,1189,442 hand,669,312,742,446
G:\A_Share\datas\2_3_4_5m\2_3_4m\1m\1122_night__1m\220112207\220112207_002010.jpg person,693,0,1183,1072 hand,1075,309,1175,428 hand,694,325,761,452
G:\A_Share\datas\2_3_4_5m\2_3_4m\1m\1122_night__1m\220112207\220112207_002025.jpg person,684,0,1189,1071 hand,1084,314,1184,436 hand,683,323,750,450
G:\A_Share\datas\2_3_4_5m\2_3_4m\1m\1122_night__1m\220112207\220112207_002040.jpg person,686,0,1189,1072 hand,1075,309,1179,433 hand,686,318,755,447
G:\A_Share\datas\2_3_4_5m\2_3_4m\1m\1122_night__1m\220112207\220112207_002055.jpg person,683,0,1180,1072 hand,1069,312,1168,447 hand,683,322,750,451
G:\A_Share\datas\2_3_4_5m\2_3_4m\1m\1122_night__1m\220112207\220112207_002070.jpg person,680,0,1174,1070 hand,1068,312,1164,440 hand,678,321,749,451
G:\A_Share\datas\2_3_4_5m\2_3_4m\1m\1122_night__1m\220112207\220112207_002085.jpg person,672,0,1178,1070 hand,672,230,751,358 hand,1041,224,1154,350
G:\A_Share\datas\2_3_4_5m\2_3_4m\1m\1122_night__1m\220112207\220112207_002100.jpg person,692,0,1169,1072 hand,898,64,1019,158 hand,796,58,901,146
G:\A_Share\datas\2_3_4_5m\2_3_4m\1m\1122_night__1m\220112207\220112207_002115.jpg person,671,0,1179,1071 hand,907,75,1024,184 hand,784,51,896,150
G:\A_Share\datas\2_3_4_5m\2_3_4m\1m\1122_night__1m\220112207\220112207_002130.jpg person,693,0,1180,1072 hand,903,76,1022,177 hand,812,76,908,167
G:\A_Share\datas\2_3_4_5m\2_3_4m\1m\1122_night__1m\220112207\220112207_002145.jpg person,696,0,1176,1070 hand,804,80,899,173 hand,896,78,1022,181
G:\A_Share\datas\2_3_4_5m\2_3_4m\1m\1122_night__1m\220112207\220112207_002160.jpg person,699,1,1176,1072 hand,807,90,905,184 hand,902,87,1027,190
G:\A_Share\datas\2_3_4_5m\2_3_4m\1m\1122_night__1m\220112207\220112207_002175.jpg person,696,1,1173,1071 hand,807,96,906,192 person,1196,697,1299,1028 hand,898,89,1014,191
G:\A_Share\datas\2_3_4_5m\2_3_4m\1m\1122_night__1m\220112207\220112207_002190.jpg person,692,1,1178,1071 person,1125,682,1263,1036 hand,806,98,905,196 hand,899,85,1018,187 face,1159,693,1189,735
G:\A_Share\datas\2_3_4_5m\2_3_4m\1m\1122_night__1m\220112207\220112207_002205.jpg person,693,1,1182,1069 person,1047,662,1212,1039 hand,806,99,906,192 hand,903,81,1021,184 face,1103,673,1138,718
G:\A_Share\datas\2_3_4_5m\2_3_4m\1m\1122_night__1m\220112207\220112207_002220.jpg person,696,2,1175,1072 person,1039,630,1169,1052 hand,911,88,1026,192 hand,814,103,912,197 face,1066,639,1104,691
G:\A_Share\datas\2_3_4_5m\2_3_4m\1m\1122_night__1m\220112207\220112207_002235.jpg person,692,2,1178,1073 hand,915,98,1027,198 person,1039,579,1174,1063 hand,815,107,912,198 face,1065,590,1107,655
G:\A_Share\datas\2_3_4_5m\2_3_4m\1m\1122_night__1m\220112207\220112207_002250.jpg person,655,0,1211,1071 person,1044,527,1232,1072 face,1084,539,1133,604 hand,985,1,1125,96 hand,1071,679,1128,722
G:\A_Share\datas\2_3_4_5m\2_3_4m\1m\1122_night__1m\220112207\220112207_002265.jpg person,644,0,1214,1075 person,1055,442,1288,1075 face,1151,452,1205,525 hand,1151,619,1205,671
G:\A_Share\datas\2_3_4_5m\2_3_4m\1m\1122_night__1m\220112207\220112207_002280.jpg person,638,2,1155,1072 person,1186,317,1579,1077 face,1235,333,1306,418 hand,1335,529,1407,593 hand,1022,13,1113,92 hand,1325,525,1384,581
G:\A_Share\datas\2_3_4_5m\2_3_4m\1m\1122_night__1m\220112207\220112207_002295.jpg person,1263,138,1911,1077 person,643,1,1175,1068 face,1404,154,1491,260 hand,1543,399,1632,471 hand,1262,561,1323,654
G:\A_Share\datas\2_3_4_5m\2_3_4m\1m\1122_night__1m\220112207\220112207_002310.jpg person,621,1,1221,1070 person,1590,0,1920,1070 hand,1848,157,1919,249
G:\A_Share\datas\2_3_4_5m\2_3_4m\1m\1122_night__1m\220112207\220112207_002325.jpg person,675,2,1220,1072 hand,675,271,746,365
G:\A_Share\datas\2_3_4_5m\2_3_4m\1m\1122_night__1m\220112207\220112207_002340.jpg person,679,0,1206,1070
G:\A_Share\datas\2_3_4_5m\2_3_4m\1m\1122_night__1m\220112207\220112207_002355.jpg person,666,1,1162,1068 hand,665,87,774,262
G:\A_Share\datas\2_3_4_5m\2_3_4m\1m\1122_night__1m\220112207\220112207_002370.jpg person,689,0,1242,1072 hand,1143,248,1239,344
G:\A_Share\datas\2_3_4_5m\2_3_4m\1m\1122_night__1m\220112207\220112207_002385.jpg person,764,0,1195,1078 hand,967,273,1079,372
G:\A_Share\datas\2_3_4_5m\2_3_4m\1m\1122_night__1m\220112207\220112207_002400.jpg person,904,0,1248,1078 hand,957,365,1056,448
G:\A_Share\datas\2_3_4_5m\2_3_4m\1m\1122_night__1m\220112207\220112207_002415.jpg person,873,22,1162,1069 hand,886,420,968,498
G:\A_Share\datas\2_3_4_5m\2_3_4m\1m\1122_night__1m\220112207\220112207_002430.jpg person,736,97,1070,1072
G:\A_Share\datas\2_3_4_5m\2_3_4m\1m\1122_night__1m\220112207\220112207_002445.jpg person,582,49,1051,1073 hand,598,465,673,545
G:\A_Share\datas\2_3_4_5m\2_3_4m\1m\1122_night__1m\220112207\220112207_002460.jpg person,557,19,839,1073 hand,559,406,633,464
G:\A_Share\datas\2_3_4_5m\2_3_4m\1m\1122_night__1m\220112207\220112207_002475.jpg person,477,70,763,1071 hand,480,359,555,445 face,570,93,637,198
G:\A_Share\datas\2_3_4_5m\2_3_4m\1m\1122_night__1m\220112207\220112207_002490.jpg person,439,84,757,763 hand,450,384,530,461 hand,572,341,640,405 face,530,98,615,205
G:\A_Share\datas\2_3_4_5m\2_3_4m\1m\1122_night__1m\220112207\220112207_002505.jpg person,439,81,794,764 hand,489,372,561,442 hand,696,336,755,396 face,571,94,657,191
G:\A_Share\datas\2_3_4_5m\2_3_4m\1m\1122_night__1m\220112207\220112207_002520.jpg person,451,78,789,758 hand,467,364,549,437 face,587,88,671,173
G:\A_Share\datas\2_3_4_5m\2_3_4m\1m\1122_night__1m\220112207\220112207_002535.jpg person,447,84,787,765 hand,468,363,546,434 face,585,97,671,192
G:\A_Share\datas\2_3_4_5m\2_3_4m\1m\1122_night__1m\220112207\220112207_002550.jpg person,444,83,791,761 hand,480,361,544,427 face,585,94,673,186 hand,662,302,723,370
G:\A_Share\datas\2_3_4_5m\2_3_4m\1m\1122_night__1m\220112207\220112207_002565.jpg person,446,72,795,761 face,579,92,669,184 hand,497,371,567,438 hand,652,335,718,396
G:\A_Share\datas\2_3_4_5m\2_3_4m\1m\1122_night__1m\220112207\220112207_002580.jpg person,447,55,792,1069 face,569,88,662,190 hand,540,399,609,468 hand,618,391,690,460
G:\A_Share\datas\2_3_4_5m\2_3_4m\1m\1122_night__1m\220112207\220112207_002595.jpg person,527,45,902,1066 face,724,79,821,186 hand,647,376,713,446 hand,714,381,789,451
G:\A_Share\datas\2_3_4_5m\2_3_4m\1m\1122_night__1m\220112207\220112207_002610.jpg person,593,6,953,1071 face,793,41,890,147 hand,732,356,795,432 hand,799,372,868,441
G:\A_Share\datas\2_3_4_5m\2_3_4m\1m\1122_night__1m\220112207\220112207_002625.jpg person,613,3,1020,1070 hand,874,276,952,351 hand,817,272,876,350
G:\A_Share\datas\2_3_4_5m\2_3_4m\1m\1122_night__1m\220112207\220112207_002640.jpg person,657,1,1078,1070 hand,876,213,963,296 hand,788,233,867,324
G:\A_Share\datas\2_3_4_5m\2_3_4m\1m\1122_night__1m\220112207\220112207_002655.jpg person,704,2,1145,1072 hand,875,167,968,254 hand,782,190,869,277
G:\A_Share\datas\2_3_4_5m\2_3_4m\1m\1122_night__1m\220112207\220112207_002670.jpg person,681,0,1135,1071 hand,888,134,985,218 hand,804,145,883,230
G:\A_Share\datas\2_3_4_5m\2_3_4m\1m\1122_night__1m\220112207\220112207_002685.jpg person,682,0,1133,1071 hand,884,129,981,217 hand,799,143,884,230
G:\A_Share\datas\2_3_4_5m\2_3_4m\1m\1122_night__1m\220112207\220112207_002700.jpg person,698,1,1136,1071 hand,891,133,988,221 hand,796,150,878,237
G:\A_Share\datas\2_3_4_5m\2_3_4m\1m\1122_night__1m\220112207\220112207_002715.jpg person,694,1,1138,1071 hand,916,145,1004,229
G:\A_Share\datas\2_3_4_5m\2_3_4m\1m\1122_night__1m\220112207\220112207_002730.jpg person,698,0,1154,1071 hand,909,150,1004,232 hand,789,163,876,247
G:\A_Share\datas\2_3_4_5m\2_3_4m\1m\1122_night__1m\220112207\220112207_002745.jpg person,704,1,1151,1072 hand,884,147,982,229 hand,796,165,871,248
G:\A_Share\datas\2_3_4_5m\2_3_4m\1m\1122_night__1m\220112207\220112207_002760.jpg person,701,1,1141,1072 hand,902,141,1000,228 hand,797,164,879,247
G:\A_Share\datas\2_3_4_5m\2_3_4m\1m\1122_night__1m\220112207\220112207_002775.jpg person,696,1,1141,1072 hand,888,144,991,228 hand,795,159,880,244
G:\A_Share\datas\2_3_4_5m\2_3_4m\1m\1122_night__1m\220112207\220112207_002790.jpg person,696,1,1145,1072 hand,883,148,988,230 hand,795,156,875,238
G:\A_Share\datas\2_3_4_5m\2_3_4m\1m\1122_night__1m\220112207\220112207_002805.jpg person,699,1,1145,1072 hand,889,150,988,230 hand,791,162,874,244
G:\A_Share\datas\2_3_4_5m\2_3_4m\1m\1122_night__1m\220112207\220112207_002820.jpg person,700,1,1145,1072 hand,879,147,984,228 hand,791,162,868,245
G:\A_Share\datas\2_3_4_5m\2_3_4m\1m\1122_night__1m\220112207\220112207_002835.jpg person,699,1,1145,1072 hand,876,150,978,228 hand,790,159,865,241
G:\A_Share\datas\2_3_4_5m\2_3_4m\1m\1122_night__1m\220112207\220112207_002850.jpg person,699,1,1144,1072 hand,891,147,995,230 hand,788,170,873,251
G:\A_Share\datas\2_3_4_5m\2_3_4m\1m\1122_night__1m\220112207\220112207_002865.jpg person,701,1,1145,1073 hand,872,155,974,234 hand,786,171,863,252
G:\A_Share\datas\2_3_4_5m\2_3_4m\1m\1122_night__1m\220112207\220112207_002880.jpg person,701,1,1145,1073 hand,889,142,993,230 hand,788,164,867,246
G:\A_Share\datas\2_3_4_5m\2_3_4m\1m\1122_night__1m\220112207\220112207_002895.jpg person,707,2,1149,1072 hand,852,148,955,229 hand,770,169,848,252
G:\A_Share\datas\2_3_4_5m\2_3_4m\1m\1122_night__1m\220112207\220112207_002910.jpg person,724,3,1120,1070 hand,761,165,866,260 hand,732,218,810,312 hand,739,167,854,272
G:\A_Share\datas\2_3_4_5m\2_3_4m\1m\1122_night__1m\220112207\220112207_002925.jpg person,714,3,1124,1070 hand,773,159,857,252 hand,720,213,797,307 hand,729,180,823,282
G:\A_Share\datas\2_3_4_5m\2_3_4m\1m\1122_night__1m\220112207\220112207_002940.jpg person,711,2,1150,1072 hand,846,147,949,231 hand,770,175,843,254
G:\A_Share\datas\2_3_4_5m\2_3_4m\1m\1122_night__1m\220112207\220112207_002955.jpg person,704,1,1147,1070 person,1007,691,1151,1044 hand,895,144,992,228 hand,789,166,873,250
G:\A_Share\datas\2_3_4_5m\2_3_4m\1m\1122_night__1m\220112207\220112207_002970.jpg person,704,1,1146,1071 hand,874,155,971,234 person,1153,686,1273,1034 hand,780,172,861,253
G:\A_Share\datas\2_3_4_5m\2_3_4m\1m\1122_night__1m\220112207\220112207_002985.jpg person,700,1,1139,1071 hand,876,154,973,234 hand,788,171,864,252
G:\A_Share\datas\2_3_4_5m\2_3_4m\1m\1122_night__1m\220112207\220112207_003000.jpg person,700,1,1142,1071 hand,884,145,984,228 hand,794,164,879,246
G:\A_Share\datas\2_3_4_5m\2_3_4m\1m\1122_night__1m\220112207\220112207_003015.jpg person,701,1,1147,1072 hand,873,149,976,228 hand,784,162,861,240
G:\A_Share\datas\2_3_4_5m\2_3_4m\1m\1122_night__1m\220112207\220112207_003030.jpg person,703,1,1148,1072 hand,887,138,989,226 hand,792,163,872,245
G:\A_Share\datas\2_3_4_5m\2_3_4m\1m\1122_night__1m\220112207\220112207_003045.jpg person,703,1,1147,1072 hand,875,152,975,233 hand,786,164,865,246
G:\A_Share\datas\2_3_4_5m\2_3_4m\1m\1122_night__1m\220112207\220112207_003060.jpg person,705,1,1144,1071 hand,791,168,874,248 hand,900,139,999,228
G:\A_Share\datas\2_3_4_5m\2_3_4m\1m\1122_night__1m\220112207\220112207_003075.jpg person,701,1,1144,1072 hand,872,144,981,229 hand,780,165,859,248
G:\A_Share\datas\2_3_4_5m\2_3_4m\1m\1122_night__1m\220112207\220112207_003090.jpg person,699,2,1142,1072 hand,868,150,978,231 hand,780,162,854,240
G:\A_Share\datas\2_3_4_5m\2_3_4m\1m\1122_night__1m\220112207\220112207_003105.jpg person,698,0,1145,1072 hand,889,132,995,225 hand,780,164,858,246
G:\A_Share\datas\2_3_4_5m\2_3_4m\1m\1122_night__1m\220112207\220112207_003120.jpg person,703,1,1148,1072 hand,875,153,974,231 hand,788,158,861,235
G:\A_Share\datas\2_3_4_5m\2_3_4m\1m\1122_night__1m\220112207\220112207_003135.jpg person,707,1,1150,1072 hand,905,131,1002,221 hand,789,162,870,241
G:\A_Share\datas\2_3_4_5m\2_3_4m\1m\1122_night__1m\220112207\220112207_003150.jpg person,705,1,1149,1072 hand,879,151,980,232 hand,788,164,864,242
G:\A_Share\datas\2_3_4_5m\2_3_4m\1m\1122_night__1m\220112207\220112207_003165.jpg person,703,1,1147,1072 hand,875,148,980,226 hand,786,164,864,241
G:\A_Share\datas\2_3_4_5m\2_3_4m\1m\1122_night__1m\220112207\220112207_003180.jpg person,701,1,1146,1072 hand,877,142,979,227 hand,791,163,868,240
G:\A_Share\datas\2_3_4_5m\2_3_4m\1m\1122_night__1m\220112207\220112207_003195.jpg person,702,1,1145,1072 hand,875,143,971,230 hand,800,166,886,255
G:\A_Share\datas\2_3_4_5m\2_3_4m\1m\1122_night__1m\220112207\220112207_003210.jpg person,700,2,1140,1072 hand,805,175,888,264 hand,871,151,967,231 hand,854,158,940,247
G:\A_Share\datas\2_3_4_5m\2_3_4m\1m\1122_night__1m\220112207\220112207_003225.jpg person,694,1,1134,1072 hand,875,152,972,237 hand,804,178,881,264
G:\A_Share\datas\2_3_4_5m\2_3_4m\1m\1122_night__1m\220112207\220112207_003240.jpg person,694,1,1135,1072 hand,882,153,981,232 hand,802,175,877,257
G:\A_Share\datas\2_3_4_5m\2_3_4m\1m\1122_night__1m\220112207\220112207_003255.jpg person,697,1,1137,1071 hand,870,126,985,218 hand,785,180,866,265
G:\A_Share\datas\2_3_4_5m\2_3_4m\1m\1122_night__1m\220112207\220112207_003270.jpg person,698,0,1139,1071 hand,886,138,984,224 hand,791,178,869,258
G:\A_Share\datas\2_3_4_5m\2_3_4m\1m\1122_night__1m\220112207\220112207_003285.jpg person,701,0,1142,1072 hand,888,155,980,235 hand,804,183,881,263
G:\A_Share\datas\2_3_4_5m\2_3_4m\1m\1122_night__1m\220112207\220112207_003300.jpg person,703,1,1142,1072 hand,878,157,975,241 hand,798,183,876,262
G:\A_Share\datas\2_3_4_5m\2_3_4m\1m\1122_night__1m\220112207\220112207_003315.jpg person,688,3,1130,1071 hand,835,135,954,227 hand,755,184,827,262
G:\A_Share\datas\2_3_4_5m\2_3_4m\1m\1122_night__1m\220112207\220112207_003330.jpg person,657,3,1085,1070 hand,797,148,898,232 hand,717,192,782,274
G:\A_Share\datas\2_3_4_5m\2_3_4m\1m\1122_night__1m\220112207\220112207_003345.jpg person,680,2,1079,1071 hand,765,142,859,227 hand,690,213,767,285
G:\A_Share\datas\2_3_4_5m\2_3_4m\1m\1122_night__1m\220112207\220112207_003360.jpg person,722,2,1123,1070 hand,730,211,811,289 hand,779,151,868,236
G:\A_Share\datas\2_3_4_5m\2_3_4m\1m\1122_night__1m\220112207\220112207_003375.jpg person,759,1,1176,1076 hand,801,200,905,299 hand,787,233,868,327
G:\A_Share\datas\2_3_4_5m\2_3_4m\1m\1122_night__1m\220112207\220112207_003390.jpg person,751,1,1149,1075 hand,795,215,881,309 hand,787,214,876,338
G:\A_Share\datas\2_3_4_5m\2_3_4m\1m\1122_night__1m\220112207\220112207_003405.jpg person,673,3,1038,1077 hand,709,265,785,368 face,731,1,826,88
G:\A_Share\datas\2_3_4_5m\2_3_4m\1m\1122_night__1m\220112207\220112207_003420.jpg person,546,10,988,1077 face,693,26,791,147
G:\A_Share\datas\2_3_4_5m\2_3_4m\1m\1122_night__1m\220112207\220112207_003435.jpg person,386,21,872,1078
G:\A_Share\datas\2_3_4_5m\2_3_4m\1m\1122_night__1m\220112207\220112207_003450.jpg person,345,3,781,750
G:\A_Share\datas\2_3_4_5m\2_3_4m\1m\1122_night__1m\220112207\220112207_003465.jpg 
G:\A_Share\datas\2_3_4_5m\2_3_4m\1m\1122_night__1m\220112207\220112207_003480.jpg person,339,3,703,743
G:\A_Share\datas\2_3_4_5m\2_3_4m\1m\1122_night__1m\220112207\220112207_003495.jpg person,322,5,896,932
G:\A_Share\datas\2_3_4_5m\2_3_4m\1m\1122_night__1m\220112207\220112207_003510.jpg person,299,2,708,740
G:\A_Share\datas\2_3_4_5m\2_3_4m\1m\1122_night__1m\220112207\220112207_003525.jpg person,304,3,698,738
G:\A_Share\datas\2_3_4_5m\2_3_4m\1m\1122_night__1m\220112207\220112207_003540.jpg person,294,3,692,737
G:\A_Share\datas\2_3_4_5m\2_3_4m\1m\1122_night__1m\220112207\220112207_003555.jpg person,298,3,691,738
G:\A_Share\datas\2_3_4_5m\2_3_4m\1m\1122_night__1m\220112207\220112207_003570.jpg person,298,3,691,739
G:\A_Share\datas\2_3_4_5m\2_3_4m\1m\1122_night__1m\220112207\220112207_003585.jpg person,294,4,687,737 hand,299,259,379,347
G:\A_Share\datas\2_3_4_5m\2_3_4m\1m\1122_night__1m\220112207\220112207_003600.jpg person,290,5,689,738 hand,293,234,371,319
G:\A_Share\datas\2_3_4_5m\2_3_4m\1m\1122_night__1m\220112207\220112207_003615.jpg person,297,5,682,738
G:\A_Share\datas\2_3_4_5m\2_3_4m\1m\1122_night__1m\220112207\220112207_003630.jpg person,293,7,680,739
G:\A_Share\datas\2_3_4_5m\2_3_4m\1m\1122_night__1m\220112207_Err\img.jpg person,48,8,74,128 hand,48,64,54,75 hand,68,66,74,76 face,57,12,63,24
G:\A_Share\datas\2_3_4_5m\2_3_4m\1m\1122_night__1m\220112208\220112208_000015.jpg person,288,4,679,740
G:\A_Share\datas\2_3_4_5m\2_3_4m\1m\1122_night__1m\220112208\220112208_000030.jpg person,283,3,677,739 hand,287,244,367,327
G:\A_Share\datas\2_3_4_5m\2_3_4m\1m\1122_night__1m\220112208\220112208_000045.jpg person,289,6,679,739
G:\A_Share\datas\2_3_4_5m\2_3_4m\1m\1122_night__1m\220112208\220112208_000060.jpg person,287,4,688,741 hand,293,256,374,338
G:\A_Share\datas\2_3_4_5m\2_3_4m\1m\1122_night__1m\220112208\220112208_000075.jpg person,286,5,685,739 hand,289,245,363,326
G:\A_Share\datas\2_3_4_5m\2_3_4m\1m\1122_night__1m\220112208\220112208_000090.jpg person,288,7,681,742
G:\A_Share\datas\2_3_4_5m\2_3_4m\1m\1122_night__1m\220112208\220112208_000105.jpg person,277,4,680,740 hand,281,241,363,324
G:\A_Share\datas\2_3_4_5m\2_3_4m\1m\1122_night__1m\220112208\220112208_000120.jpg person,1187,683,1295,1027
G:\A_Share\datas\2_3_4_5m\2_3_4m\1m\1122_night__1m\220112208\220112208_000135.jpg person,1077,674,1171,1026
G:\A_Share\datas\2_3_4_5m\2_3_4m\1m\1122_night__1m\220112208\220112208_000150.jpg person,953,679,1072,1030
G:\A_Share\datas\2_3_4_5m\2_3_4m\1m\1122_night__1m\220112208\220112208_000165.jpg person,345,3,917,969
G:\A_Share\datas\2_3_4_5m\2_3_4m\1m\1122_night__1m\220112208\220112208_000180.jpg person,412,4,851,1053 face,462,15,550,123 hand,429,329,516,457
G:\A_Share\datas\2_3_4_5m\2_3_4m\1m\1122_night__1m\220112208\220112208_000195.jpg person,405,2,780,773 hand,538,330,619,402 face,541,6,640,101 hand,467,349,535,425
G:\A_Share\datas\2_3_4_5m\2_3_4m\1m\1122_night__1m\220112208\220112208_000210.jpg person,384,27,778,765 hand,522,351,595,437 hand,597,364,665,435 face,623,47,718,139
G:\A_Share\datas\2_3_4_5m\2_3_4m\1m\1122_night__1m\220112208\220112208_000225.jpg person,319,48,676,744 face,554,66,653,148 hand,500,423,593,504
G:\A_Share\datas\2_3_4_5m\2_3_4m\1m\1122_night__1m\220112208\220112208_000240.jpg person,204,109,644,774 face,413,125,516,223
G:\A_Share\datas\2_3_4_5m\2_3_4m\1m\1122_night__1m\220112208\220112208_000255.jpg person,162,154,713,1076 face,380,169,476,259
G:\A_Share\datas\2_3_4_5m\2_3_4m\1m\1122_night__1m\220112208\220112208_000270.jpg person,147,179,653,788 face,379,196,469,282
G:\A_Share\datas\2_3_4_5m\2_3_4m\1m\1122_night__1m\220112208\220112208_000285.jpg person,128,177,867,1029 face,367,199,460,282
G:\A_Share\datas\2_3_4_5m\2_3_4m\1m\1122_night__1m\220112208\220112208_000300.jpg person,126,173,764,1036 face,357,192,452,284
G:\A_Share\datas\2_3_4_5m\2_3_4m\1m\1122_night__1m\220112208\220112208_000315.jpg person,125,170,848,1025 face,358,192,453,283
G:\A_Share\datas\2_3_4_5m\2_3_4m\1m\1122_night__1m\220112208\220112208_000330.jpg person,128,168,934,790 face,364,188,462,281
G:\A_Share\datas\2_3_4_5m\2_3_4m\1m\1122_night__1m\220112208\220112208_000345.jpg person,141,175,945,854 face,383,197,484,293
G:\A_Share\datas\2_3_4_5m\2_3_4m\1m\1122_night__1m\220112208\220112208_000360.jpg person,137,173,923,805 face,387,196,488,294
G:\A_Share\datas\2_3_4_5m\2_3_4m\1m\1122_night__1m\220112208\220112208_000375.jpg person,132,165,915,946 face,373,187,478,289
G:\A_Share\datas\2_3_4_5m\2_3_4m\1m\1122_night__1m\220112208\220112208_000390.jpg person,126,165,923,885 face,375,189,479,291
G:\A_Share\datas\2_3_4_5m\2_3_4m\1m\1122_night__1m\220112208\220112208_000405.jpg person,125,165,922,865 face,373,187,477,290
G:\A_Share\datas\2_3_4_5m\2_3_4m\1m\1122_night__1m\220112208\220112208_000420.jpg person,123,164,915,878 face,372,186,476,290
G:\A_Share\datas\2_3_4_5m\2_3_4m\1m\1122_night__1m\220112208\220112208_000435.jpg person,128,169,781,861 face,377,192,480,295
G:\A_Share\datas\2_3_4_5m\2_3_4m\1m\1122_night__1m\220112208\220112208_000450.jpg person,125,167,927,914 face,376,191,481,294
G:\A_Share\datas\2_3_4_5m\2_3_4m\1m\1122_night__1m\220112208\220112208_000465.jpg person,128,172,919,914 face,378,193,482,292
G:\A_Share\datas\2_3_4_5m\2_3_4m\1m\1122_night__1m\220112208\220112208_000480.jpg person,128,177,908,934 face,381,198,482,289
G:\A_Share\datas\2_3_4_5m\2_3_4m\1m\1122_night__1m\220112208\220112208_000495.jpg person,128,179,879,910 face,392,202,487,300
G:\A_Share\datas\2_3_4_5m\2_3_4m\1m\1122_night__1m\220112208\220112208_000510.jpg face,406,210,497,317 person,126,170,853,917
G:\A_Share\datas\2_3_4_5m\2_3_4m\1m\1122_night__1m\220112208\220112208_000525.jpg person,125,172,891,890 face,406,211,497,317
G:\A_Share\datas\2_3_4_5m\2_3_4m\1m\1122_night__1m\220112208\220112208_000540.jpg person,127,170,871,878 face,408,210,497,316
G:\A_Share\datas\2_3_4_5m\2_3_4m\1m\1122_night__1m\220112208\220112208_000555.jpg person,130,169,901,910 face,407,209,498,313
G:\A_Share\datas\2_3_4_5m\2_3_4m\1m\1122_night__1m\220112208\220112208_000570.jpg person,130,171,902,907 face,405,209,496,315
G:\A_Share\datas\2_3_4_5m\2_3_4m\1m\1122_night__1m\220112208\220112208_000585.jpg person,130,170,779,854 face,406,207,496,313
G:\A_Share\datas\2_3_4_5m\2_3_4m\1m\1122_night__1m\220112208\220112208_000600.jpg person,129,169,796,861 face,405,207,496,313
G:\A_Share\datas\2_3_4_5m\2_3_4m\1m\1122_night__1m\220112208\220112208_000615.jpg person,129,173,820,891 face,395,199,495,306
G:\A_Share\datas\2_3_4_5m\2_3_4m\1m\1122_night__1m\220112208\220112208_000630.jpg person,133,174,757,830 face,396,199,495,306
G:\A_Share\datas\2_3_4_5m\2_3_4m\1m\1122_night__1m\220112208\220112208_000645.jpg person,134,170,756,855 face,397,198,497,302
G:\A_Share\datas\2_3_4_5m\2_3_4m\1m\1122_night__1m\220112208\220112208_000660.jpg person,134,170,851,1031 face,397,198,497,303
G:\A_Share\datas\2_3_4_5m\2_3_4m\1m\1122_night__1m\220112208\220112208_000675.jpg person,137,172,879,1030 face,401,199,501,304
G:\A_Share\datas\2_3_4_5m\2_3_4m\1m\1122_night__1m\220112208\220112208_000690.jpg person,140,166,871,985 face,407,195,506,301
G:\A_Share\datas\2_3_4_5m\2_3_4m\1m\1122_night__1m\220112208\220112208_000705.jpg person,155,173,648,780 face,427,198,528,304
G:\A_Share\datas\2_3_4_5m\2_3_4m\1m\1122_night__1m\220112208\220112208_000720.jpg person,161,181,636,761 face,436,204,537,310
G:\A_Share\datas\2_3_4_5m\2_3_4m\1m\1122_night__1m\220112208\220112208_000735.jpg person,152,172,631,759 face,429,199,531,305
G:\A_Share\datas\2_3_4_5m\2_3_4m\1m\1122_night__1m\220112208\220112208_000750.jpg person,168,175,625,762 face,441,200,545,306
G:\A_Share\datas\2_3_4_5m\2_3_4m\1m\1122_night__1m\220112208\220112208_000765.jpg person,227,161,625,761 face,503,186,606,292 hand,425,479,519,560
G:\A_Share\datas\2_3_4_5m\2_3_4m\1m\1122_night__1m\220112208\220112208_000780.jpg person,302,117,756,753 face,634,151,736,253 hand,477,490,546,570 hand,539,488,631,577
G:\A_Share\datas\2_3_4_5m\2_3_4m\1m\1122_night__1m\220112208\220112208_000795.jpg person,390,6,760,1046 face,597,34,696,136 hand,533,396,617,473 hand,618,414,679,489
G:\A_Share\datas\2_3_4_5m\2_3_4m\1m\1122_night__1m\220112208\220112208_000810.jpg person,482,0,890,1044 face,629,10,731,118 hand,655,345,736,418 hand,563,359,634,431
G:\A_Share\datas\2_3_4_5m\2_3_4m\1m\1122_night__1m\220112208\220112208_000825.jpg person,468,2,889,1061 face,618,7,722,115 hand,538,366,609,444 hand,607,340,681,407
G:\A_Share\datas\2_3_4_5m\2_3_4m\1m\1122_night__1m\220112208\220112208_000840.jpg person,417,5,807,1076 face,470,26,568,140 hand,450,321,549,395 hand,425,376,492,455
G:\A_Share\datas\2_3_4_5m\2_3_4m\1m\1122_night__1m\220112208\220112208_000855.jpg person,364,32,856,916 face,415,57,511,165
G:\A_Share\datas\2_3_4_5m\2_3_4m\1m\1122_night__1m\220112208\220112208_000870.jpg face,386,81,484,190 person,322,56,742,789 hand,363,402,442,499 person,323,49,857,907
G:\A_Share\datas\2_3_4_5m\2_3_4m\1m\1122_night__1m\220112208\220112208_000885.jpg face,365,17,466,138 person,294,0,668,746 person,294,0,809,788 hand,334,369,408,492
G:\A_Share\datas\2_3_4_5m\2_3_4m\1m\1122_night__1m\220112208\220112208_000900.jpg person,297,2,630,743
G:\A_Share\datas\2_3_4_5m\2_3_4m\1m\1122_night__1m\220112208\220112208_000915.jpg 
G:\A_Share\datas\2_3_4_5m\2_3_4m\1m\1122_night__1m\220112208\220112208_000930.jpg person,272,2,598,745
G:\A_Share\datas\2_3_4_5m\2_3_4m\1m\1122_night__1m\220112208\220112208_000945.jpg person,239,4,852,800 person,239,3,614,763 face,323,1,441,87 hand,269,292,358,390
G:\A_Share\datas\2_3_4_5m\2_3_4m\1m\1122_night__1m\220112208\220112208_000960.jpg person,232,3,602,750 hand,254,297,349,389 face,302,2,417,89
G:\A_Share\datas\2_3_4_5m\2_3_4m\1m\1122_night__1m\220112208\220112208_000975.jpg person,238,3,607,751 face,314,1,424,89 hand,258,299,353,392
G:\A_Share\datas\2_3_4_5m\2_3_4m\1m\1122_night__1m\220112208\220112208_000990.jpg face,317,0,428,91 person,240,1,675,780 person,241,2,850,806 hand,266,307,358,397
G:\A_Share\datas\2_3_4_5m\2_3_4m\1m\1122_night__1m\220112208\220112208_001005.jpg person,245,1,679,773 hand,271,303,361,394 person,246,2,847,802 face,316,0,428,91
G:\A_Share\datas\2_3_4_5m\2_3_4m\1m\1122_night__1m\220112208\220112208_001020.jpg person,245,2,614,750 hand,272,307,363,397 face,317,0,426,97
G:\A_Share\datas\2_3_4_5m\2_3_4m\1m\1122_night__1m\220112208\220112208_001035.jpg person,245,1,842,803 face,300,0,411,101 hand,267,305,358,394 person,246,1,652,792
G:\A_Share\datas\2_3_4_5m\2_3_4m\1m\1122_night__1m\220112208\220112208_001050.jpg person,234,3,837,824 hand,266,306,358,393 face,281,1,393,96
G:\A_Share\datas\2_3_4_5m\2_3_4m\1m\1122_night__1m\220112208\220112208_001065.jpg hand,268,288,358,382 person,245,2,800,784 face,292,1,406,92
G:\A_Share\datas\2_3_4_5m\2_3_4m\1m\1122_night__1m\220112208\220112208_001080.jpg person,220,2,795,782 face,317,1,426,83 hand,269,263,350,366
G:\A_Share\datas\2_3_4_5m\2_3_4m\1m\1122_night__1m\220112208\220112208_001095.jpg hand,258,240,359,352 person,241,3,815,849 person,242,3,673,767 face,342,2,451,75
G:\A_Share\datas\2_3_4_5m\2_3_4m\1m\1122_night__1m\220112208\220112208_001110.jpg hand,257,251,356,354 person,239,3,818,890 person,240,2,681,789 face,343,2,475,75
G:\A_Share\datas\2_3_4_5m\2_3_4m\1m\1122_night__1m\220112208\220112208_001125.jpg hand,243,240,356,345 person,231,2,754,776
G:\A_Share\datas\2_3_4_5m\2_3_4m\1m\1122_night__1m\220112208\220112208_001140.jpg hand,260,256,370,367 person,240,4,811,840 person,241,3,666,777
G:\A_Share\datas\2_3_4_5m\2_3_4m\1m\1122_night__1m\220112208\220112208_001155.jpg hand,249,254,361,367 person,235,4,810,817 person,236,3,650,769
G:\A_Share\datas\2_3_4_5m\2_3_4m\1m\1122_night__1m\220112208\220112208_001170.jpg hand,264,252,366,375 person,244,4,779,795 person,245,3,637,759
G:\A_Share\datas\2_3_4_5m\2_3_4m\1m\1122_night__1m\220112208\220112208_001185.jpg hand,259,262,361,373 person,240,4,808,804 person,241,3,637,766
G:\A_Share\datas\2_3_4_5m\2_3_4m\1m\1122_night__1m\220112208\220112208_001200.jpg hand,252,265,357,374 person,240,4,820,857 person,241,4,653,785
G:\A_Share\datas\2_3_4_5m\2_3_4m\1m\1122_night__1m\220112208\220112208_001215.jpg hand,248,263,350,369 person,238,3,824,870
G:\A_Share\datas\2_3_4_5m\2_3_4m\1m\1122_night__1m\220112208\220112208_001230.jpg hand,250,253,356,368 person,237,3,823,866
G:\A_Share\datas\2_3_4_5m\2_3_4m\1m\1122_night__1m\220112208\220112208_001245.jpg hand,265,251,360,361 person,244,3,823,866 person,245,2,665,790
G:\A_Share\datas\2_3_4_5m\2_3_4m\1m\1122_night__1m\220112208\220112208_001260.jpg hand,254,255,362,367 person,239,3,816,828
G:\A_Share\datas\2_3_4_5m\2_3_4m\1m\1122_night__1m\220112208\220112208_001275.jpg hand,250,257,366,369 person,237,2,808,815 person,239,1,639,763
G:\A_Share\datas\2_3_4_5m\2_3_4m\1m\1122_night__1m\220112208\220112208_001290.jpg person,239,3,824,916 hand,259,258,361,366
G:\A_Share\datas\2_3_4_5m\2_3_4m\1m\1122_night__1m\220112208\220112208_001305.jpg hand,258,264,367,374 person,237,2,824,845
G:\A_Share\datas\2_3_4_5m\2_3_4m\1m\1122_night__1m\220112208\220112208_001320.jpg hand,261,253,369,381 person,241,3,820,858
G:\A_Share\datas\2_3_4_5m\2_3_4m\1m\1122_night__1m\220112208\220112208_001335.jpg person,174,3,815,919
G:\A_Share\datas\2_3_4_5m\2_3_4m\1m\1122_night__1m\220112208\220112208_001350.jpg person,233,5,729,808 hand,238,247,341,353
G:\A_Share\datas\2_3_4_5m\2_3_4m\1m\1122_night__1m\220112208\220112208_001365.jpg hand,229,232,337,341 person,226,5,680,782
G:\A_Share\datas\2_3_4_5m\2_3_4m\1m\1122_night__1m\220112208\220112208_001380.jpg hand,219,226,330,341 person,218,7,761,822
G:\A_Share\datas\2_3_4_5m\2_3_4m\1m\1122_night__1m\220112208\220112208_001395.jpg person,226,5,745,793 hand,233,228,339,339
G:\A_Share\datas\2_3_4_5m\2_3_4m\1m\1122_night__1m\220112208\220112208_001410.jpg hand,220,220,335,337 person,219,2,720,794
G:\A_Share\datas\2_3_4_5m\2_3_4m\1m\1122_night__1m\220112208\220112208_001425.jpg hand,230,243,328,344 person,228,2,713,803
G:\A_Share\datas\2_3_4_5m\2_3_4m\1m\1122_night__1m\220112208\220112208_001440.jpg hand,231,254,337,356 person,224,3,637,754 hand,223,206,332,356
G:\A_Share\datas\2_3_4_5m\2_3_4m\1m\1122_night__1m\220112208\220112208_001455.jpg hand,235,252,339,356 person,215,2,664,774
G:\A_Share\datas\2_3_4_5m\2_3_4m\1m\1122_night__1m\220112208\220112208_001470.jpg person,206,2,657,768 hand,209,229,331,352
G:\A_Share\datas\2_3_4_5m\2_3_4m\1m\1122_night__1m\220112208\220112208_001485.jpg hand,207,225,332,351 person,208,3,747,796
G:\A_Share\datas\2_3_4_5m\2_3_4m\1m\1122_night__1m\220112208\220112208_001500.jpg hand,220,241,324,356 person,220,3,815,822
G:\A_Share\datas\2_3_4_5m\2_3_4m\1m\1122_night__1m\220112208\220112208_001515.jpg hand,209,233,315,346 person,209,3,718,790
G:\A_Share\datas\2_3_4_5m\2_3_4m\1m\1122_night__1m\220112208\220112208_001530.jpg person,211,3,649,778 hand,217,212,310,303
G:\A_Share\datas\2_3_4_5m\2_3_4m\1m\1122_night__1m\220112208\220112208_001545.jpg hand,225,176,313,264 person,210,1,660,769
G:\A_Share\datas\2_3_4_5m\2_3_4m\1m\1122_night__1m\220112208\220112208_001560.jpg hand,215,194,311,280 person,209,2,793,825 person,209,1,645,763
G:\A_Share\datas\2_3_4_5m\2_3_4m\1m\1122_night__1m\220112208\220112208_001575.jpg hand,215,224,302,340 person,212,3,701,787
G:\A_Share\datas\2_3_4_5m\2_3_4m\1m\1122_night__1m\220112208\220112208_001590.jpg hand,212,222,310,344 person,209,2,657,776
G:\A_Share\datas\2_3_4_5m\2_3_4m\1m\1122_night__1m\220112208\220112208_001605.jpg hand,211,228,306,357 person,210,3,755,805
G:\A_Share\datas\2_3_4_5m\2_3_4m\1m\1122_night__1m\220112208\220112208_001620.jpg hand,213,229,309,358 person,213,3,646,778
G:\A_Share\datas\2_3_4_5m\2_3_4m\1m\1122_night__1m\220112208\220112208_001635.jpg hand,212,207,313,303 person,206,2,686,782
G:\A_Share\datas\2_3_4_5m\2_3_4m\1m\1122_night__1m\220112208\220112208_001650.jpg hand,210,226,309,341 person,207,4,721,782
G:\A_Share\datas\2_3_4_5m\2_3_4m\1m\1122_night__1m\220112208\220112208_001665.jpg person,231,2,621,743 hand,241,237,328,333
G:\A_Share\datas\2_3_4_5m\2_3_4m\1m\1122_night__1m\220112208\220112208_001680.jpg person,220,2,603,738
G:\A_Share\datas\2_3_4_5m\2_3_4m\1m\1122_night__1m\220112208\220112208_001695.jpg person,242,0,817,1028 face,271,0,382,101 hand,282,289,366,378
G:\A_Share\datas\2_3_4_5m\2_3_4m\1m\1122_night__1m\220112208\220112208_001710.jpg person,152,8,841,1072 face,187,46,297,174
G:\A_Share\datas\2_3_4_5m\2_3_4m\1m\1122_night__1m\220112208\220112208_001725.jpg person,86,157,839,1077 face,117,212,236,326 hand,0,204,46,345
G:\A_Share\datas\2_3_4_5m\2_3_4m\1m\1122_night__1m\220112208\220112208_001740.jpg person,125,123,713,1070 face,151,171,270,292 hand,0,208,49,350
G:\A_Share\datas\2_3_4_5m\2_3_4m\1m\1122_night__1m\220112208\220112208_001755.jpg person,195,4,825,1070
G:\A_Share\datas\2_3_4_5m\2_3_4m\1m\1122_night__1m\220112208\220112208_001770.jpg person,436,3,934,1076 hand,548,129,665,219 hand,488,150,545,240
G:\A_Share\datas\2_3_4_5m\2_3_4m\1m\1122_night__1m\220112208\220112208_001785.jpg person,534,2,965,1078 hand,618,164,711,249 hand,542,209,616,306
G:\A_Share\datas\2_3_4_5m\2_3_4m\1m\1122_night__1m\220112208\220112208_001800.jpg person,560,3,1022,1073 hand,737,150,855,239 hand,642,195,702,263
G:\A_Share\datas\2_3_4_5m\2_3_4m\1m\1122_night__1m\220112208\220112208_001815.jpg person,588,2,1058,1075 hand,896,154,982,235 hand,984,190,1056,255
G:\A_Share\datas\2_3_4_5m\2_3_4m\1m\1122_night__1m\220112208\220112208_001830.jpg person,587,2,1044,1072 hand,944,133,1016,212
G:\A_Share\datas\2_3_4_5m\2_3_4m\1m\1122_night__1m\220112208\220112208_001845.jpg person,562,2,1055,1073 hand,869,84,955,168 hand,977,134,1056,196
G:\A_Share\datas\2_3_4_5m\2_3_4m\1m\1122_night__1m\220112208\220112208_001860.jpg person,551,3,1049,1072 hand,845,61,921,159
G:\A_Share\datas\2_3_4_5m\2_3_4m\1m\1122_night__1m\220112208\220112208_001875.jpg person,540,2,1037,1073 hand,799,80,903,174
G:\A_Share\datas\2_3_4_5m\2_3_4m\1m\1122_night__1m\220112208\220112208_001890.jpg person,548,2,1043,1073 hand,965,126,1040,194 hand,892,78,980,173
G:\A_Share\datas\2_3_4_5m\2_3_4m\1m\1122_night__1m\220112208\220112208_001905.jpg person,553,3,1044,1073 hand,967,130,1043,194 hand,879,71,951,171
G:\A_Share\datas\2_3_4_5m\2_3_4m\1m\1122_night__1m\220112208\220112208_001920.jpg person,554,2,1048,1073 hand,820,82,922,172 hand,971,116,1044,178
G:\A_Share\datas\2_3_4_5m\2_3_4m\1m\1122_night__1m\220112208\220112208_001935.jpg person,544,2,1042,1073 hand,961,120,1037,184 hand,876,65,951,163
G:\A_Share\datas\2_3_4_5m\2_3_4m\1m\1122_night__1m\220112208\220112208_001950.jpg person,532,3,1029,1072 hand,820,82,918,173 hand,945,113,1025,175
G:\A_Share\datas\2_3_4_5m\2_3_4m\1m\1122_night__1m\220112208\220112208_001965.jpg person,524,2,1021,1073 hand,822,95,910,191 hand,940,123,1016,188
G:\A_Share\datas\2_3_4_5m\2_3_4m\1m\1122_night__1m\220112208\220112208_001980.jpg person,517,1,1005,1073 hand,885,91,966,191
G:\A_Share\datas\2_3_4_5m\2_3_4m\1m\1122_night__1m\220112208\220112208_001995.jpg person,519,1,994,1073 hand,895,87,973,185
G:\A_Share\datas\2_3_4_5m\2_3_4m\1m\1122_night__1m\220112208\220112208_002010.jpg person,519,1,1008,1073 hand,864,89,945,177
G:\A_Share\datas\2_3_4_5m\2_3_4m\1m\1122_night__1m\220112208\220112208_002025.jpg person,523,2,1024,1073 hand,834,87,924,178 hand,941,115,1020,182
G:\A_Share\datas\2_3_4_5m\2_3_4m\1m\1122_night__1m\220112208\220112208_002040.jpg person,522,2,1022,1073 hand,834,89,922,183 hand,936,123,1016,189
G:\A_Share\datas\2_3_4_5m\2_3_4m\1m\1122_night__1m\220112208\220112208_002055.jpg person,527,3,1015,1073 hand,885,83,965,179 hand,946,128,1014,202
G:\A_Share\datas\2_3_4_5m\2_3_4m\1m\1122_night__1m\220112208\220112208_002070.jpg person,531,3,1024,1073 hand,852,81,935,171 hand,945,125,1020,196
G:\A_Share\datas\2_3_4_5m\2_3_4m\1m\1122_night__1m\220112208\220112208_002085.jpg person,537,3,1030,1073 hand,851,82,934,165 hand,949,118,1027,187
G:\A_Share\datas\2_3_4_5m\2_3_4m\1m\1122_night__1m\220112208\220112208_002100.jpg person,536,2,1030,1073 hand,885,68,963,164 hand,956,119,1028,188
G:\A_Share\datas\2_3_4_5m\2_3_4m\1m\1122_night__1m\220112208\220112208_002115.jpg person,533,2,1030,1073 hand,952,114,1027,185 hand,875,70,953,164
G:\A_Share\datas\2_3_4_5m\2_3_4m\1m\1122_night__1m\220112208\220112208_002130.jpg person,532,3,1030,1073 hand,948,116,1026,184 hand,839,88,929,181
G:\A_Share\datas\2_3_4_5m\2_3_4m\1m\1122_night__1m\220112208\220112208_002145.jpg person,531,3,1027,1073 hand,941,123,1021,191 hand,846,87,928,176
G:\A_Share\datas\2_3_4_5m\2_3_4m\1m\1122_night__1m\220112208\220112208_002160.jpg person,533,2,1024,1073 hand,886,81,964,175 hand,951,122,1022,193
G:\A_Share\datas\2_3_4_5m\2_3_4m\1m\1122_night__1m\220112208\220112208_002175.jpg person,537,2,1029,1073 hand,882,72,964,172 hand,951,125,1025,192
G:\A_Share\datas\2_3_4_5m\2_3_4m\1m\1122_night__1m\220112208\220112208_002190.jpg person,540,3,1034,1073 hand,954,124,1030,193 hand,859,81,941,169
G:\A_Share\datas\2_3_4_5m\2_3_4m\1m\1122_night__1m\220112208\220112208_002205.jpg person,539,2,1035,1073 hand,950,117,1031,188 hand,844,91,934,183
G:\A_Share\datas\2_3_4_5m\2_3_4m\1m\1122_night__1m\220112208\220112208_002220.jpg person,539,2,1033,1073 hand,876,78,957,171 hand,954,120,1030,189
G:\A_Share\datas\2_3_4_5m\2_3_4m\1m\1122_night__1m\220112208\220112208_002235.jpg person,537,3,1029,1073 hand,884,80,965,176 hand,953,126,1026,195
G:\A_Share\datas\2_3_4_5m\2_3_4m\1m\1122_night__1m\220112208\220112208_002250.jpg person,539,3,1030,1073 hand,840,88,928,178 hand,947,126,1027,193
G:\A_Share\datas\2_3_4_5m\2_3_4m\1m\1122_night__1m\220112208\220112208_002265.jpg person,540,3,1031,1073 hand,838,94,924,186 hand,946,126,1027,192
G:\A_Share\datas\2_3_4_5m\2_3_4m\1m\1122_night__1m\220112208\220112208_002280.jpg person,543,3,1032,1073 hand,877,79,950,173 hand,950,123,1028,193
G:\A_Share\datas\2_3_4_5m\2_3_4m\1m\1122_night__1m\220112208\220112208_002295.jpg person,543,2,1034,1073 hand,824,83,915,177 hand,956,115,1030,185
G:\A_Share\datas\2_3_4_5m\2_3_4m\1m\1122_night__1m\220112208\220112208_002310.jpg person,509,2,1014,1073 hand,820,54,891,145 hand,687,70,764,155
G:\A_Share\datas\2_3_4_5m\2_3_4m\1m\1122_night__1m\220112208\220112208_002325.jpg person,491,1,1030,1074 hand,669,25,738,120
G:\A_Share\datas\2_3_4_5m\2_3_4m\1m\1122_night__1m\220112208\220112208_002340.jpg person,561,2,1175,1078
G:\A_Share\datas\2_3_4_5m\2_3_4m\1m\1122_night__1m\220112208\220112208_002355.jpg person,598,1,1132,1074
G:\A_Share\datas\2_3_4_5m\2_3_4m\1m\1122_night__1m\220112208\220112208_002370.jpg person,599,1,1206,1074
G:\A_Share\datas\2_3_4_5m\2_3_4m\1m\1122_night__1m\220112208\220112208_002385.jpg person,572,0,1224,1068
G:\A_Share\datas\2_3_4_5m\2_3_4m\1m\1122_night__1m\220112208\220112208_002400.jpg person,581,0,1241,1069
G:\A_Share\datas\2_3_4_5m\2_3_4m\1m\1122_night__1m\220112208\220112208_002415.jpg person,578,0,1233,1066
G:\A_Share\datas\2_3_4_5m\2_3_4m\1m\1122_night__1m\220112208\220112208_002430.jpg person,582,0,1234,1070
G:\A_Share\datas\2_3_4_5m\2_3_4m\1m\1122_night__1m\220112208\220112208_002445.jpg person,579,0,1233,1072
G:\A_Share\datas\2_3_4_5m\2_3_4m\1m\1122_night__1m\220112208\220112208_002460.jpg person,579,0,1235,1072
G:\A_Share\datas\2_3_4_5m\2_3_4m\1m\1122_night__1m\220112208\220112208_002475.jpg person,582,0,1236,1068
G:\A_Share\datas\2_3_4_5m\2_3_4m\1m\1122_night__1m\220112208\220112208_002490.jpg person,578,0,1236,1068
G:\A_Share\datas\2_3_4_5m\2_3_4m\1m\1122_night__1m\220112208\220112208_002505.jpg person,578,1,1230,1070
G:\A_Share\datas\2_3_4_5m\2_3_4m\1m\1122_night__1m\220112208\220112208_002520.jpg person,255,0,1185,1068
G:\A_Share\datas\2_3_4_5m\2_3_4m\1m\1122_night__1m\220112208\220112208_002535.jpg person,167,0,1057,1074
G:\A_Share\datas\2_3_4_5m\2_3_4m\1m\1122_night__1m\220112208\220112208_002550.jpg person,143,0,860,1069
G:\A_Share\datas\2_3_4_5m\2_3_4m\1m\1122_night__1m\220112208\220112208_002565.jpg person,1,0,795,1069
G:\A_Share\datas\2_3_4_5m\2_3_4m\1m\1122_night__1m\220112208\220112208_002580.jpg person,1,0,666,1068
G:\A_Share\datas\2_3_4_5m\2_3_4m\1m\1122_night__1m\220112208\220112208_002595.jpg person,0,0,642,1045
G:\A_Share\datas\2_3_4_5m\2_3_4m\1m\1122_night__1m\220112208\220112208_002610.jpg person,0,0,663,1044
G:\A_Share\datas\2_3_4_5m\2_3_4m\1m\1122_night__1m\220112208\220112208_002625.jpg person,0,0,665,1046
G:\A_Share\datas\2_3_4_5m\2_3_4m\1m\1122_night__1m\220112208\220112208_002640.jpg person,0,0,680,1070
G:\A_Share\datas\2_3_4_5m\2_3_4m\1m\1122_night__1m\220112208\220112208_002655.jpg person,2,1,791,1065 person,1323,0,1919,1075
G:\A_Share\datas\2_3_4_5m\2_3_4m\1m\1122_night__1m\220112208\220112208_002670.jpg person,1,2,896,1063 person,1238,98,1709,1075 hand,1268,539,1328,633
G:\A_Share\datas\2_3_4_5m\2_3_4m\1m\1122_night__1m\220112208\220112208_002685.jpg person,442,2,1294,1074
G:\A_Share\datas\2_3_4_5m\2_3_4m\1m\1122_night__1m\220112208\220112208_002700.jpg cat,634,0,1591,1073
G:\A_Share\datas\2_3_4_5m\2_3_4m\1m\1122_night__1m\220112208\220112208_002715.jpg cat,799,0,1710,1071
G:\A_Share\datas\2_3_4_5m\2_3_4m\1m\1122_night__1m\220112208\220112208_002730.jpg person,1079,0,1898,1068
G:\A_Share\datas\2_3_4_5m\2_3_4m\1m\1122_night__1m\220112208\220112208_002745.jpg person,1174,0,1825,1075 person,1104,636,1234,1038
G:\A_Share\datas\2_3_4_5m\2_3_4m\1m\1122_night__1m\220112208\220112208_002760.jpg person,1134,0,1919,1071
G:\A_Share\datas\2_3_4_5m\2_3_4m\1m\1122_night__1m\220112208\220112208_002775.jpg person,1137,0,1853,1072
G:\A_Share\datas\2_3_4_5m\2_3_4m\1m\1122_night__1m\220112208\220112208_002790.jpg person,1154,0,1849,1067 person,1381,1,1849,1065
G:\A_Share\datas\2_3_4_5m\2_3_4m\1m\1122_night__1m\220112208\220112208_002805.jpg person,1071,0,1866,1069
G:\A_Share\datas\2_3_4_5m\2_3_4m\1m\1122_night__1m\220112208\220112208_002820.jpg person,936,1,1674,1071
G:\A_Share\datas\2_3_4_5m\2_3_4m\1m\1122_night__1m\220112208\220112208_002835.jpg person,929,0,1476,1075
G:\A_Share\datas\2_3_4_5m\2_3_4m\1m\1122_night__1m\220112208\220112208_002850.jpg person,439,0,1253,1074
G:\A_Share\datas\2_3_4_5m\2_3_4m\1m\1122_night__1m\220112208\220112208_002865.jpg person,109,0,892,1068
G:\A_Share\datas\2_3_4_5m\2_3_4m\1m\1122_night__1m\220112208\220112208_002880.jpg person,89,0,776,1071
G:\A_Share\datas\2_3_4_5m\2_3_4m\1m\1122_night__1m\220112208\220112208_002895.jpg person,0,1,737,1073
G:\A_Share\datas\2_3_4_5m\2_3_4m\1m\1122_night__1m\220112208\220112208_002910.jpg person,148,0,697,1078
G:\A_Share\datas\2_3_4_5m\2_3_4m\1m\1122_night__1m\220112208\220112208_002925.jpg person,68,1,817,1076
G:\A_Share\datas\2_3_4_5m\2_3_4m\1m\1122_night__1m\220112208\220112208_002940.jpg person,12,2,483,960
G:\A_Share\datas\2_3_4_5m\2_3_4m\1m\1122_night__1m\220112208\220112208_002955.jpg person,117,0,657,1071
G:\A_Share\datas\2_3_4_5m\2_3_4m\1m\1122_night__1m\220112208\220112208_002970.jpg person,0,2,877,1069 person,362,4,873,1070
G:\A_Share\datas\2_3_4_5m\2_3_4m\1m\1122_night__1m\220112208\220112208_002985.jpg person,499,1,1495,1075
G:\A_Share\datas\2_3_4_5m\2_3_4m\1m\1122_night__1m\220112208\220112208_003000.jpg person,1167,1,1919,1073
G:\A_Share\datas\2_3_4_5m\2_3_4m\1m\1122_night__1m\220112208\220112208_003015.jpg person,1353,2,1919,1071
G:\A_Share\datas\2_3_4_5m\2_3_4m\1m\1122_night__1m\220112208\220112208_003030.jpg 
G:\A_Share\datas\2_3_4_5m\2_3_4m\1m\1122_night__1m\220112208\220112208_003045.jpg 
G:\A_Share\datas\2_3_4_5m\2_3_4m\1m\1122_night__1m\220112208\220112208_003060.jpg 
G:\A_Share\datas\2_3_4_5m\2_3_4m\1m\1122_night__1m\220112208\220112208_003075.jpg person,907,0,1920,1075
G:\A_Share\datas\2_3_4_5m\2_3_4m\1m\1122_night__1m\220112208\220112208_003090.jpg person,1078,0,1919,1073
G:\A_Share\datas\2_3_4_5m\2_3_4m\1m\1122_night__1m\220112208\220112208_003105.jpg person,1009,0,1916,1076
G:\A_Share\datas\2_3_4_5m\2_3_4m\1m\1122_night__1m\220112208\220112208_003120.jpg person,1132,0,1920,1077
G:\A_Share\datas\2_3_4_5m\2_3_4m\1m\1122_night__1m\220112208\220112208_003135.jpg person,814,3,1920,1072
G:\A_Share\datas\2_3_4_5m\2_3_4m\1m\1122_night__1m\220112208\220112208_003150.jpg person,661,1,1920,1076
G:\A_Share\datas\2_3_4_5m\2_3_4m\1m\1122_night__1m\220112208\220112208_003165.jpg person,659,3,1920,1077
G:\A_Share\datas\2_3_4_5m\2_3_4m\1m\1122_night__1m\220112208\220112208_003180.jpg person,559,0,1920,1076
G:\A_Share\datas\2_3_4_5m\2_3_4m\1m\1122_night__1m\220112208\220112208_003195.jpg person,844,0,1920,1076
G:\A_Share\datas\2_3_4_5m\2_3_4m\1m\1122_night__1m\220112208\220112208_003210.jpg person,1031,0,1686,1077
G:\A_Share\datas\2_3_4_5m\2_3_4m\1m\1122_night__1m\220112208\220112208_003225.jpg person,910,0,1664,1078
G:\A_Share\datas\2_3_4_5m\2_3_4m\1m\1122_night__1m\220112208\220112208_003240.jpg person,858,0,1545,1076
G:\A_Share\datas\2_3_4_5m\2_3_4m\1m\1122_night__1m\220112208\220112208_003255.jpg person,881,0,1552,1079
G:\A_Share\datas\2_3_4_5m\2_3_4m\1m\1122_night__1m\220112208\220112208_003270.jpg person,861,0,1523,1075
G:\A_Share\datas\2_3_4_5m\2_3_4m\1m\1122_night__1m\220112208\220112208_003285.jpg person,856,0,1511,1078
G:\A_Share\datas\2_3_4_5m\2_3_4m\1m\1122_night__1m\220112208\220112208_003300.jpg person,863,0,1511,1078
G:\A_Share\datas\2_3_4_5m\2_3_4m\1m\1122_night__1m\220112208\220112208_003315.jpg person,869,0,1514,1075
G:\A_Share\datas\2_3_4_5m\2_3_4m\1m\1122_night__1m\220112208\220112208_003330.jpg person,872,0,1514,1075
G:\A_Share\datas\2_3_4_5m\2_3_4m\1m\1122_night__1m\220112208\220112208_003345.jpg person,894,0,1519,1075
G:\A_Share\datas\2_3_4_5m\2_3_4m\1m\1122_night__1m\220112208\220112208_003360.jpg person,906,0,1523,1078
G:\A_Share\datas\2_3_4_5m\2_3_4m\1m\1122_night__1m\220112208\220112208_003375.jpg person,905,0,1524,1078
G:\A_Share\datas\2_3_4_5m\2_3_4m\1m\1122_night__1m\220112208\220112208_003390.jpg person,782,1,1881,1078
G:\A_Share\datas\2_3_4_5m\2_3_4m\1m\1122_night__1m\220112208\220112208_003405.jpg person,792,2,1915,1076
G:\A_Share\datas\2_3_4_5m\2_3_4m\1m\1122_night__1m\220112208\220112208_003420.jpg person,782,3,1919,1077
G:\A_Share\datas\2_3_4_5m\2_3_4m\1m\1122_night__1m\220112208\220112208_003435.jpg person,804,2,1920,1080 hand,821,1,987,132
G:\A_Share\datas\2_3_4_5m\2_3_4m\1m\1122_night__1m\220112208\220112208_003450.jpg person,741,3,1904,1080
G:\A_Share\datas\2_3_4_5m\2_3_4m\1m\1122_night__1m\220112208\220112208_003465.jpg person,698,0,1913,1075
G:\A_Share\datas\2_3_4_5m\2_3_4m\1m\1122_night__1m\220112208\220112208_003480.jpg person,839,4,1920,1073
G:\A_Share\datas\2_3_4_5m\2_3_4m\1m\1122_night__1m\220112208\220112208_003495.jpg person,250,2,1919,1077
G:\A_Share\datas\2_3_4_5m\2_3_4m\1m\1122_night__1m\220112208\220112208_003510.jpg person,244,2,1919,1080
G:\A_Share\datas\2_3_4_5m\2_3_4m\1m\1122_night__1m\220112208\220112208_003525.jpg person,33,0,1920,1072
G:\A_Share\datas\2_3_4_5m\2_3_4m\1m\1122_night__1m\220112208\220112208_003540.jpg person,0,0,1843,1062
G:\A_Share\datas\2_3_4_5m\2_3_4m\1m\1122_night__1m\220112208\220112208_003555.jpg cat,1,17,1900,1076
G:\A_Share\datas\2_3_4_5m\2_3_4m\1m\1122_night__1m\220112208\220112208_003570.jpg 
G:\A_Share\datas\2_3_4_5m\2_3_4m\1m\1122_night__1m\220112208\220112208_003585.jpg 
G:\A_Share\datas\2_3_4_5m\2_3_4m\1m\1122_night__1m\220112208\220112208_003600.jpg 
G:\A_Share\datas\2_3_4_5m\2_3_4m\1m\1122_night__1m\220112208\220112208_003615.jpg person,5,43,1919,1078
G:\A_Share\datas\2_3_4_5m\2_3_4m\1m\1122_night__1m\220112208\220112208_003630.jpg person,0,1,1915,1079
G:\A_Share\datas\2_3_4_5m\2_3_4m\1m\1122_night__1m\tes\220112207_002280.jpg person,638,2,1155,1072 person,1186,317,1579,1077 face,1235,333,1306,418 hand,1335,529,1407,593 hand,1022,13,1113,92 hand,1325,525,1384,581
G:\A_Share\datas\2_3_4_5m\2_3_4m\1m\1122_night__1m\tes\220112207_002295.jpg person,1263,138,1911,1077 person,643,1,1175,1068 face,1404,154,1491,260 hand,1543,399,1632,471 hand,1262,561,1323,654
